17 32
9 15
9   9  9  9  9   9  9  9  9  7  7  6   7  7  9  9   9 
9   9  9  9  9   9  9  9  9  7  4  4   4  7  9  9   9
9   9  9  9  9   9  9  9  9  7  4  4   4  7  9  9   9
6   7  9  9  9   9  9  9  9  7  4  4   4  7  9  9   9
4   7  9  9  9   9  9  9  9  7  4  4   4  7  9  9   9
4   7  9  7  7   6  7  6  7  7  4  4   4  7  7  7   7
4   7  9  7  4   4  4  4  4  4  4  4   4  4  4  4   7
4   7  9  7  4   4  4  4  4  4  4  4   4  4  4  4   7
4   7  9  7  4   4  4  4  4  4  4  4   4  4  4  4   7
4   7  9  7  6   7  6  7  6  7  7  4   4  4  7  45  9
4   7  9  9  9   9  9  9  9  9  7  4   4  4  7  44  9
4   7  7  7  7   7  7  7  7  7  7  4   4  4  7  44  9
4   4  4  4  4   4  4  4  4  4  4  4   4  4  7  44  9
4   4  4  4  4   4  4  4  4  4  4  4   4  4  7  9   9
7   7  7  7  7   7  7  7  7  7  7  4   4  4  7  9   9
9   9  9  9  9   9  9  9  9  9  7  4   4  4  7  9   9
9   9  9  9  9   9  9  9  9  9  7  4   4  4  7  9   9
9   9  9  9  9   9  9  9  9  9  7  4   4  4  7  9   9
9   9  9  9  9   9  9  9  9  9  7  4   4  4  7  9   9
9   9  9  9  9   9  9  9  9  9  7  4   4  4  7  9   9
9   9  9  9  9   9  9  9  9  9  7  4   4  4  7  9   9
9   9  9  9  9   9  9  9  9  9  7  4   4  4  7  9   9
9   9  9  9  9   7  7  54 54 54 7  4   4  4  7  9   9
9   9  9  9  9   7  4  4  4  4  4  4   4  4  7  9   9
9   9  9  9  9   6  4  4  4  4  4  4   4  4  7  9   9
9   9  9  9  9   7  7  7  7  7  7  4   4  4  7  9   9
9   9  9  9  9   9  9  9  9  9  6  4   4  4  7  9   9
9   9  9  9  9   9  9  9  9  9  7  4   4  4  7  9   9
9   9  9  9  9   9  9  9  9  9  6  4   4  4  7  9   9
9   9  9  9  9   9  9  9  9  9  6  4   4  4  7  9   9
9   9  9  9  9   9  9  9  9  9  6  4   4  4  7  9   9
9   9  9  9  9   9  9  9  9  9  7  7   6  7  7  9   9